 	intensity	1.3838	3	MIP_10x_id8878_f-f_cre-pos_slide-2_slice-6.czi_slices-1.tif
1	11.434
2	10.129
3	10.390
4	11.337
5	10.378
6	10.567
7	11.185
8	11.436
9	11.074
10	11.463
11	10.679
12	10.263
13	10.395
14	9.169
15	10.466
16	12.527
17	13.880
18	15.478
19	15.192
20	14.603
21	16.053
22	16.746
23	16.857
24	15.919
25	19.206
26	17.604
27	17.289
28	19.247
29	22.015
30	19.711
31	21.921
32	21.683
33	26.151
34	23.313
35	20.798
36	22.134
37	22.964
38	23.404
39	25.994
40	25.828
41	23.391
42	23.273
43	28.290
44	28.192
45	26.231
46	27.159
47	30.275
48	31.520
49	29.115
50	30.680
51	32.524
52	33.283
53	35.156
54	32.375
55	34.483
56	31.270
57	29.152
58	31.605
59	31.669
60	31.169
61	30.034
62	34.019
63	33.938
64	32.704
65	28.142
66	30.202
67	29.554
68	32.092
69	33.396
70	31.592
71	26.809
72	25.204
73	25.430
74	31.331
75	30.518
76	30.742
77	29.110
78	30.180
79	27.569
80	30.442
81	30.183
82	30.871
83	34.921
84	32.743
85	29.849
86	25.781
87	30.354
88	30.707
89	32.797
90	35.683
91	32.997
92	30.830
93	32.677
94	36.369
95	34.191
96	32.679
97	38.689
98	39.433
99	36.851
100	31.713
101	35.174
102	35.540
103	31.662
104	32.002
105	37.911
106	43.336
107	49.670
108	45.830
109	39.977
110	35.879
111	35.145
112	35.588
113	35.314
114	41.552
115	46.952
116	49.445
117	47.979
118	48.008
119	45.468
120	37.015
121	40.577
122	46.067
123	44.688
124	43.181
125	42.657
126	44.706
127	41.807
128	42.090
129	47.772
130	44.126
131	52.830
132	51.553
133	43.115
134	47.296
135	48.957
136	47.067
137	44.300
138	46.925
139	49.997
140	52.902
141	53.003
142	57.221
143	55.743
144	57.225
145	65.316
146	69.035
147	72.649
148	83.697
149	90.986
150	96.986
151	91.208
152	83.403
153	84.037
154	86.017
155	81.677
156	77.790
157	63.624
158	52.491
159	57.790
160	65.198
161	63.279
162	63.309
163	60.232
164	60.165
165	57.808
166	56.533
167	55.328
168	54.073
169	53.711
170	53.709
171	62.420
172	64.912
173	61.862
174	62.768
175	57.150
176	59.699
177	59.314
178	58.632
179	59.427
180	63.218
181	65.299
182	58.808
183	59.227
184	58.521
185	61.051
186	61.175
187	60.076
188	64.317
189	61.175
190	59.341
191	61.012
192	63.409
193	61.786
194	80.779
195	98.276
196	104.554
197	92.275
198	68.019
199	56.956
200	53.677
201	64.195
202	56.608
203	61.632
204	61.797
205	63.000
206	57.827
207	53.819
208	61.639
209	75.551
210	74.451
211	62.726
212	63.719
213	54.903
214	50.285
215	50.221
216	49.352
217	48.057
218	49.311
219	48.952
220	48.640
221	55.138
222	49.055
223	51.460
224	51.516
225	48.730
226	50.424
227	49.396
228	47.098
229	47.813
230	49.535
231	50.325
232	54.062
233	62.539
234	68.543
235	62.541
236	55.392
237	51.631
238	55.928
239	57.581
240	56.255
241	57.149
242	57.699
243	54.324
244	54.568
245	53.286
246	50.058
247	49.190
248	52.742
249	57.415
250	51.145
251	51.727
252	54.567
253	56.605
254	56.700
255	58.489
256	55.901
257	58.480
258	59.965
259	64.034
260	62.044
261	60.856
262	62.301
263	61.836
264	60.821
265	55.986
266	62.033
267	62.375
268	56.664
269	59.501
270	61.119
271	62.220
272	66.796
273	65.575
274	62.811
275	58.299
276	57.712
277	64.572
278	65.246
279	60.719
280	61.042
281	65.119
282	67.769
283	66.524
284	64.948
285	70.304
286	67.314
287	70.438
288	68.969
289	67.034
290	69.939
291	73.871
292	75.136
293	78.453
294	75.506
295	70.115
296	75.858
297	78.253
298	71.448
299	70.906
300	74.275
301	73.371
302	73.600
303	82.886
304	82.839
305	79.618
306	75.181
307	75.760
308	83.400
309	93.548
310	86.902
311	87.252
312	87.287
313	79.417
314	80.923
315	93.233
316	91.009
317	88.742
318	94.709
319	94.888
320	85.803
321	83.896
322	85.326
323	90.816
324	85.165
325	89.598
326	92.248
327	100.773
328	107.066
329	111.127
330	100.232
331	103.655
332	107.287
333	105.125
334	98.275
335	99.973
336	109.516
337	117.230
338	126.733
339	129.433
340	127.455
341	126.450
342	129.272
343	126.519
344	134.421
345	135.582
346	137.048
347	147.696
348	159.831
349	183.481
350	206.680
351	224.435
352	238.559
353	246.374
354	253.562
355	243.869
356	225.385
357	203.930
358	181.443
359	178.857
360	160.440
361	133.867
362	124.467
363	122.180
364	115.821
365	117.046
366	115.810
367	106.284
368	109.832
369	110.498
370	102.966
371	112.023
372	110.481
373	112.203
374	116.355
375	131.112
376	134.700
377	131.115
378	127.310
379	133.450
380	134.757
381	146.612
382	148.248
383	159.673
384	192.416
385	204.162
386	224.799
387	242.338
388	224.674
389	223.702
390	223.390
391	202.522
392	181.081
393	156.468
394	142.073
395	146.230
396	145.001
397	140.502
398	138.829
399	141.868
400	130.897
401	132.010
402	138.227
403	148.432
404	156.753
405	162.629
406	167.279
407	154.322
408	153.335
409	158.621
410	161.753
411	162.973
412	160.699
413	167.287
414	168.328
415	174.104
416	167.840
417	157.563
418	164.818
419	165.344
420	172.719
421	169.726
422	185.537
423	195.723
424	199.098
425	209.371
426	221.524
427	217.386
428	229.314
429	237.028
430	219.770
431	190.811
432	163.815
433	158.658
434	157.776
435	178.253
436	183.626
437	201.863
438	231.739
439	286.557
440	303.632
441	320.653
442	333.019
443	339.087
444	338.473
445	296.897
446	240.393
447	200.695
448	202.041
449	202.565
450	207.178
451	225.271
452	246.491
453	286.677
454	325.306
455	371.894
456	414.973
457	441.326
458	458.658
459	460.704
460	471.172
461	500.537
462	492.129
463	487.039
464	487.908
465	508.898
466	523.519
467	524.773
468	514.416
469	514.681
470	467.462
471	422.442
472	376.349
473	323.151
474	307.296
475	311.972
476	336.898
477	379.917
478	431.565
479	452.287
480	454.636
481	455.390
482	447.380
483	458.815
484	455.646
485	446.318
486	430.476
487	418.310
488	438.081
489	447.075
490	468.553
491	469.661
492	444.436
493	415.552
494	418.487
495	412.519
496	416.130
497	434.178
498	463.146
499	477.986
500	500.541
501	490.790
502	475.401
503	423.156
504	363.857
505	340.924
506	336.453
507	358.204
508	364.246
509	388.228
510	405.958
511	392.516
512	389.996
513	398.276
514	414.714
515	379.273
516	366.200
517	376.399
518	401.753
519	457.055
520	505.212
521	524.378
522	534.093
523	557.105
524	545.902
525	545.822
526	540.761
527	484.624
528	439.282
529	432.917
530	421.519
531	401.540
532	372.459
533	357.536
534	363.544
535	387.192
536	441.701
537	488.139
538	551.144
539	594.265
540	643.442
541	645.774
542	654.828
543	696.324
544	753.881
545	830.087
546	861.869
547	855.098
548	844.103
549	815.597
550	775.152
551	687.181
552	629.757
553	569.366
554	525.791
555	488.790
556	505.946
557	514.304
558	535.202
559	570.515
560	611.350
561	634.934
562	682.310
563	710.190
564	706.988
565	697.252
566	693.371
567	660.379
568	681.499
569	693.076
570	699.198
571	669.947
572	636.953
573	593.721
574	532.312
575	523.724
576	527.262
577	540.422
578	555.201
579	567.708
580	580.262
581	621.347
582	649.969
583	668.997
584	692.502
585	697.416
586	682.653
587	651.047
588	614.660
589	589.323
590	572.176
591	564.931
592	560.190
593	562.312
594	555.844
595	552.108
596	545.292
597	499.362
598	464.831
599	453.151
600	448.187
601	438.083
602	418.447
603	403.726
604	401.942
605	434.311
606	486.113
607	529.450
608	587.037
609	620.414
610	640.892
611	650.207
612	624.863
613	585.540
614	561.361
615	528.074
616	492.274
617	490.471
618	482.474
619	498.667
620	519.580
621	532.133
622	566.268
623	601.196
624	613.293
625	599.610
626	615.478
627	617.313
628	597.648
629	561.864
630	536.836
631	517.113
632	518.770
633	522.919
634	527.144
635	525.791
636	515.576
637	537.639
638	602.500
639	696.638
640	765.671
641	816.100
642	838.306
643	854.708
644	871.086
645	851.009
646	826.814
647	790.126
648	753.797
649	705.477
650	685.037
651	647.753
652	576.601
653	515.294
654	468.517
655	439.021
656	408.204
657	398.670
658	387.102
659	384.661
660	386.681
661	399.057
662	435.358
663	471.838
664	527.476
665	588.224
666	621.528
667	647.372
668	679.318
669	718.634
670	764.877
671	793.277
672	806.908
673	794.543
674	767.416
675	746.803
676	692.141
677	672.971
678	676.267
679	675.427
680	676.525
681	657.346
682	626.639
683	578.461
684	522.883
685	481.675
686	424.597
687	373.446
688	313.272
689	273.271
690	252.049
691	276.004
692	314.814
693	345.312
694	377.028
695	420.628
696	461.576
697	498.963
698	517.960
699	536.009
700	547.763
701	577.547
702	597.711
703	603.129
704	576.239
705	551.301
706	570.381
707	607.887
708	664.027
709	693.562
710	714.926
711	716.334
712	698.058
713	650.546
714	602.242
715	549.861
716	517.111
717	493.048
718	458.352
719	418.041
720	358.728
721	313.553
722	297.761
723	292.390
724	278.263
725	285.587
726	306.517
727	317.764
728	354.483
729	382.632
730	420.895
731	460.334
732	504.658
733	567.315
734	625.171
735	654.963
736	653.075
737	622.810
738	581.149
739	555.466
740	531.078
741	528.679
742	542.708
743	554.046
744	581.852
745	623.078
746	640.080
747	619.235
748	596.151
749	589.524
750	574.701
751	583.073
752	613.663
753	634.853
754	639.145
755	645.054
756	662.521
757	696.763
758	720.692
759	708.069
760	646.571
761	579.385
762	548.467
763	509.472
764	495.618
765	478.330
766	467.535
767	444.084
768	430.757
769	408.728
770	397.755
771	388.539
772	401.340
773	413.111
774	420.433
775	439.539
776	474.440
777	498.366
778	479.702
779	476.190
780	468.170
781	445.396
782	424.254
783	380.542
784	345.067
785	307.922
786	271.315
787	270.627
788	289.153
789	301.481
790	314.368
791	314.137
792	308.395
793	294.562
794	269.048
795	251.351
796	236.559
797	221.562
798	223.903
799	236.711
800	249.837
801	245.897
802	244.985
803	238.745
804	235.925
805	239.638
806	219.891
807	203.030
808	192.364
809	201.145
810	211.503
811	195.705
812	189.725
813	196.989
814	211.982
815	220.541
816	216.567
817	196.634
818	184.494
819	171.629
820	166.795
821	180.651
822	198.524
823	214.040
824	218.948
825	202.984
826	200.187
827	199.210
828	190.813
829	178.714
830	168.857
831	168.099
832	162.376
833	155.619
834	137.239
835	120.782
836	107.486
837	100.323
838	104.501
839	115.076
840	111.237
841	105.294
842	110.635
843	119.327
844	139.509
845	157.471
846	175.474
847	192.749
848	211.300
849	212.281
850	202.604
851	188.792
852	169.801
853	148.081
854	136.828
855	120.276
856	107.719
857	97.808
858	91.811
859	83.629
860	87.421
861	84.386
862	79.315
863	75.564
864	69.899
865	73.364
866	73.139
867	76.426
868	82.052
869	88.729
870	87.780
871	83.529
872	77.958
873	68.934
874	61.642
875	61.341
876	69.223
877	76.585
878	87.090
879	99.307
880	97.489
881	97.671
882	97.520
883	98.596
884	91.654
885	85.025
886	80.102
887	68.138
888	59.099
889	57.339
890	57.900
891	58.210
892	67.855
893	70.543
894	73.366
895	76.094
896	77.618
897	78.122
898	80.965
899	79.838
900	73.893
901	69.613
902	62.947
903	58.059
904	57.957
905	67.069
906	67.199
907	70.827
908	71.510
909	71.783
910	70.287
911	67.618
912	61.109
913	63.521
914	58.777
915	56.673
916	53.887
917	54.904
918	55.668
919	54.887
920	52.138
921	53.521
922	51.582
923	56.510
924	58.665
925	58.022
926	64.943
927	60.921
928	60.199
929	52.925
930	50.759
931	53.515
932	48.503
933	49.947
934	53.357
935	49.815
936	57.965
937	60.500
938	53.882
939	52.413
940	50.814
941	51.695
942	49.093
943	52.153
944	54.352
945	54.782
946	49.676
947	56.626
948	52.403
949	54.238
950	53.919
951	53.308
952	54.626
953	49.540
954	46.814
955	55.974
956	56.644
957	51.717
958	51.169
959	48.847
960	56.282
961	58.215
962	52.695
963	52.583
964	54.409
965	53.780
966	52.304
967	56.965
968	58.395
969	60.927
970	59.553
971	61.923
972	54.405
973	61.042
974	56.647
975	51.558
976	54.840
977	55.260
978	59.954
979	61.193
980	52.885
981	53.128
982	54.750
983	53.723
984	55.481
985	61.505
986	61.499
987	62.685
988	59.952
989	52.859
990	53.386
991	57.207
992	58.360
993	54.012
994	55.675
995	58.629
996	56.581
997	59.479
998	54.844
999	58.977
1000	58.233
1001	60.241
1002	58.211
1003	61.311
1004	66.056
1005	65.080
1006	63.903
1007	61.799
1008	63.703
1009	65.473
1010	62.972
1011	60.797
1012	66.690
1013	68.942
1014	75.732
1015	62.736
1016	64.429
1017	61.480
1018	63.260
1019	65.484
1020	63.761
1021	58.160
1022	55.391
1023	60.379
1024	60.947
1025	63.347
1026	71.744
1027	61.591
1028	55.326
1029	54.556
1030	57.254
1031	65.315
1032	62.776
1033	60.476
1034	56.561
1035	51.909
1036	56.659
1037	57.328
1038	60.250
1039	59.200
1040	55.955
1041	56.196
1042	64.024
1043	60.562
1044	59.619
1045	64.679
1046	66.534
1047	71.623
1048	77.011
1049	75.015
1050	72.754
1051	69.948
1052	68.757
1053	60.165
1054	58.051
1055	54.956
1056	62.723
1057	57.779
1058	51.377
1059	52.351
1060	55.298
1061	53.486
1062	54.776
1063	60.363
1064	58.119
1065	58.336
1066	55.537
1067	57.679
1068	64.841
1069	68.886
1070	67.006
1071	66.573
1072	64.159
1073	58.587
1074	59.718
1075	67.317
1076	60.181
1077	62.372
1078	65.976
1079	74.335
1080	69.148
1081	66.563
1082	62.184
1083	65.164
